376
21 219
25 212
28 247
42 124
65 205
66 261
73 344
74 420
83 202
86 164
87 149
87 154
87 215
87 248
87 264
88 187
88 203
89 145
89 198
89 208
89 259
92 155
94 198
94 203
94 209
103 156
105 144
105 152
111 310
114 339
116 269
116 295
116 376
119 258
119 296
120 361
121 270
122 294
124 259
126 271
127 293
128 260
130 317
131 272
132 217
132 267
133 206
133 210
133 261
134 202
135 222
136 217
136 272
137 211
137 372
138 202
138 262
139 152
139 207
140 224
141 329
142 164
142 207
142 211
143 153
143 309
143 370
144 368
145 164
145 294
145 377
146 216
147 159
147 294
148 154
148 344
150 165
150 171
150 345
150 424
151 160
151 311
152 309
153 155
153 376
154 366
156 161
156 167
158 156
168 436
170 421
170 446
171 267
177 58
177 108
178 215
179 222
180 216
182 77
182 81
184 452
185 435
187 215
188 331
189 160
189 173
191 330
193 272
193 387
196 428
196 449
196 456
197 219
197 404
198 82
198 112
198 333
198 393
198 455
199 442
201 220
202 164
203 67
204 118
205 278
205 289
207 68
207 290
211 177
211 275
212 117
213 166
218 183
220 178
221 128
221 173
222 168
223 75
228 125
235 109
241 385
242 389
245 389
245 394
247 435
247 437
248 104
248 393
249 108
250 86
250 263
250 326
250 328
250 342
251 81
251 124
251 228
252 435
255 52
256 39
256 57
256 265
257 47
257 66
257 76
257 84
257 102
258 22
258 29
258 94
259 4
259 11
259 266
260 111
269 118
271 162
272 131
274 119
274 376
275 199
276 331
279 259
280 331
281 333
284 254
285 220
287 334
289 271
289 276
289 299
290 402
293 271
293 275
293 361
295 251
296 121
297 63
298 44
298 122
299 27
299 453
300 261
301 221
301 247
302 8
302 289
302 291
303 144
305 177
306 81
307 176
308 271
309 135
309 183
312 455
314 150
315 163
317 134
317 231
318 90
318 252
320 229
320 357
321 154
321 246
322 233
323 250
324 348
324 351
328 231
328 332
328 338
329 238
329 319
329 330
329 348
330 355
331 323
331 338
332 72
332 76
332 251
332 348
333 314
333 330
333 343
333 354
334 116
334 229
335 104
335 109
335 250
336 311
336 314
336 320
336 339
337 239
338 225
338 231
338 319
338 353
339 71
339 129
339 329
339 350
340 196
340 225
340 236
340 245
340 248
341 251
341 319
342 206
342 340
343 350
343 354
344 212
344 361
345 243
345 250
345 325
345 340
346 122
347 211
347 280
348 168
348 286
349 121
349 201
349 284
349 315
350 81
350 112
350 195
350 319
350 334
351 220
351 244
351 309
351 343
351 345
351 365
352 209
352 253
353 26
353 103
353 218
353 272
353 278
353 288
353 366
354 58
354 107
354 225
354 297
354 319
354 325
354 342
355 303
355 444
356 13
356 31
356 66
356 239
356 283
357 60
357 242
357 248
357 297
357 333
357 345
358 121
358 224
358 303
359 21
359 95
359 213
359 318
359 320
359 322
360 25
360 121
360 187
360 192
360 197
360 242
360 246
360 287
361 18
361 31
361 99
361 221
361 232
361 248
361 261
362 228
362 258
362 334
363 224
363 276
363 292
363 312
363 318
363 329
364 31
364 210
365 14
365 147
365 207
365 234
365 254
365 292
365 344
365 350
365 353
366 24
