93
66 290 66 261 0.9435819065227612 0.03448275849223137
87 181 87 149 0.9308238191040744 0.03125
87 186 87 154 0.9415799752664682 0.03125
87 247 87 215 0.9219996123969394 0.03125
88 177 89 145 0.938012024150136 0.03125
89 231 89 198 0.9295584323511525 0.03030303120613098
89 241 89 208 0.9258138297105512 0.03030303120613098
103 189 103 156 0.9764314064229939 0.03030303120613098
105 176 105 144 0.8748423033302967 0.03125
105 178 103 156 0.8393305109117438 0.04545454680919647
110 338 111 310 0.9514848521509889 0.0357142873108387
121 303 121 270 0.9804666557676206 0.03030303120613098
124 292 124 259 0.9891870971372685 0.03030303120613098
126 304 126 271 0.9863014859260344 0.03030303120613098
128 293 128 260 0.9887387658799587 0.03030303120613098
131 305 131 272 0.9715722874004388 0.03030303120613098
133 239 133 206 0.9904823914599126 0.03030303120613098
133 294 133 261 0.9698459615164386 0.03030303120613098
135 255 135 222 0.9920428578762631 0.03030303120613098
136 250 136 217 0.9932840840988325 0.03030303120613098
137 244 137 211 0.9915595568966384 0.03030303120613098
137 409 137 372 0.9221039018434086 0.027027027681469917
139 240 139 207 0.9942826470332392 0.03030303120613098
140 257 140 224 0.9955944296440439 0.03030303120613098
142 197 142 164 0.998016392138573 0.03030303120613098
142 240 142 207 0.995058601543318 0.03030303120613098
142 244 142 211 0.9940312415563194 0.03030303120613098
144 341 145 377 0.9060589596420401 -0.02777777798473835
145 197 145 164 0.9975554560073169 0.03030303120613098
146 249 146 216 0.9974713923931896 0.03030303120613098
147 192 147 159 0.9957285772703466 0.03030303120613098
148 187 148 154 0.9951331582000071 0.03030303120613098
148 379 148 344 0.9523485670136839 0.02857142873108387
150 379 150 345 0.8514456279898004 0.029411764815449715
153 188 153 155 0.9931517417117756 0.03030303120613098
154 402 154 366 0.9946751309146679 0.02777777798473835
180 249 180 216 0.9878339592833947 0.03030303120613098
197 121 198 82 0.8601795634095042 0.025641025975346565
198 369 198 333 0.9139234499722596 0.02777777798473835
204 152 204 118 0.9721036549624976 0.029411764815449715
221 212 222 168 0.8957809345148325 0.022727273404598236
222 206 221 173 0.9360107236776294 0.03030303120613098
255 90 257 84 0.9050981427215652 0.1666666716337204
256 143 257 47 0.897488964229931 0.010416666977107525
256 304 256 265 0.9236193883058285 0.025641025975346565
257 80 257 76 0.8749939327732699 0.25
257 99 257 76 0.9686379979377993 0.043478261679410934
257 106 257 47 0.9355671673089849 0.016949152573943138
257 116 256 39 0.8703110972758763 0.012987012974917889
257 125 257 84 0.9692780010696639 0.024390242993831635
257 135 258 94 0.9160275871651034 0.024390242993831635
258 34 258 29 0.9604798858544457 0.20000000298023224
258 63 258 22 0.9645881031690756 0.024390242993831635
258 69 257 47 0.8869731715905147 0.04545454680919647
259 44 257 76 0.9544574990386653 -0.03125
259 51 259 11 0.8552352816834522 0.02500000037252903
269 160 269 118 0.8013693542679731 0.02380952425301075
271 200 271 162 0.9916336887808239 0.02631578966975212
300 69 302 8 0.9663733356325133 0.016393441706895828
303 200 303 144 0.8665530205135452 0.01785714365541935
304 50 302 8 0.9325209870478521 0.02380952425301075
305 235 305 177 0.8992528942750896 0.017241379246115685
308 329 308 271 0.9136460101107488 0.017241379246115685
314 208 314 150 0.9678352985009792 0.017241379246115685
315 221 315 163 0.8529552819094703 0.017241379246115685
317 278 317 231 0.9684533687932109 0.021276595070958138
318 300 318 252 0.8466532824245829 0.02083333395421505
329 368 329 319 0.971125016801278 0.020408162847161293
331 372 331 323 0.9385576461113788 0.020408162847161293
334 161 334 116 0.9648226000774358 0.02222222276031971
334 274 334 229 0.984775123330044 0.02222222276031971
336 389 336 339 0.9560552648508822 0.019999999552965164
339 5 339 71 0.8010951290057285 -0.01515151560306549
342 391 342 340 0.9761813519955115 0.019607843831181526
347 341 347 280 0.9856261087827931 0.016393441706895828
348 348 348 286 0.9379156264927113 0.016129031777381897
349 136 350 81 0.883707573387711 0.0181818176060915
351 372 351 309 0.8970131112993913 0.01587301678955555
353 339 353 278 0.8560258589513038 0.016393441706895828
353 350 353 288 0.8928635177085886 0.016129031777381897
354 116 354 58 0.9324034247838038 0.017241379246115685
354 291 354 225 0.8128545411859937 0.01515151560306549
356 126 356 66 0.856735679423709 0.01666666753590107
357 291 358 224 0.804757755878066 0.014925372786819935
359 88 359 21 0.9029689064466077 0.014925372786819935
360 304 360 242 0.9001524253905635 0.016129031777381897
360 308 360 246 0.8700886054155418 0.016129031777381897
362 403 362 334 0.9617892281194721 0.014492753893136978
363 379 363 312 0.8755291788479933 0.014925372786819935
363 397 363 329 0.9079768595667678 0.014705882407724857
365 80 365 14 0.9141899162031342 0.01515151560306549
365 277 365 207 0.850497340771219 0.014285714365541935
365 425 365 353 0.8998900609889083 0.013888888992369175
