189
66 290
82 232
87 181
87 186
87 247
88 177
89 231
89 236
89 241
103 189
105 176
105 178
110 338
115 334
116 417
120 396
121 303
124 292
126 304
128 293
131 305
132 249
133 239
133 294
135 255
136 250
137 244
137 409
139 240
140 257
142 197
142 240
142 244
143 187
144 341
145 197
146 249
146 326
147 192
148 187
148 379
150 336
150 379
153 188
154 402
180 249
197 121
198 369
199 372
200 8
204 152
221 212
222 206
226 202
249 139
251 22
251 120
255 90
256 143
256 304
257 80
257 99
257 106
257 116
257 125
257 135
258 34
258 63
258 69
259 6
259 18
259 23
259 44
259 51
260 14
269 160
271 200
279 301
293 292
296 105
300 69
300 125
303 200
304 50
305 235
307 235
308 329
314 208
315 221
317 278
318 300
319 423
320 274
328 150
328 305
328 380
328 386
329 368
331 43
331 204
331 207
331 306
331 372
331 386
333 393
334 161
334 274
335 175
336 119
336 182
336 207
336 389
336 392
337 24
337 45
337 305
337 369
338 270
338 278
338 298
339 5
339 8
339 272
340 184
340 298
342 391
343 253
344 391
347 341
348 348
349 136
349 264
350 131
350 251
350 408
351 372
353 40
353 47
353 339
353 350
354 54
354 116
354 291
354 392
355 84
355 344
356 33
356 126
356 364
356 400
357 26
357 97
357 291
357 299
357 304
357 317
357 368
358 158
358 183
358 372
358 378
359 88
359 91
359 163
359 350
360 254
360 304
360 308
361 86
361 287
361 295
361 313
361 325
362 49
362 330
362 355
362 403
363 364
363 379
363 397
365 27
365 80
365 98
365 277
365 297
365 301
365 336
365 415
365 425
