575
10 120
15 235
18 45
19 127
21 4
23 50
27 93
35 5
35 83
37 71
39 81
51 349
56 331
57 341
57 343
58 333
59 328
59 336
61 331
63 324
64 316
64 345
65 258
67 224
67 228
67 350
68 330
69 350
71 245
73 43
74 248
75 326
76 209
77 351
81 350
82 204
87 327
88 331
88 346
94 199
95 305
97 278
97 285
98 245
100 162
100 267
100 297
100 351
101 234
101 263
101 271
102 261
103 160
103 166
103 195
103 225
104 249
104 350
105 259
106 162
106 296
106 330
109 154
109 228
110 209
110 214
110 218
110 254
110 345
111 160
111 227
111 308
112 302
113 156
113 207
115 233
115 300
115 346
116 194
117 191
117 293
118 80
118 233
118 279
119 137
120 75
120 191
120 231
120 233
121 217
121 219
121 282
122 179
122 185
122 196
122 325
123 79
123 231
124 125
124 160
125 131
125 137
126 199
127 184
127 225
128 124
128 299
128 347
130 143
131 198
131 264
131 267
131 275
131 302
132 328
132 351
133 190
133 309
133 311
134 184
134 268
134 351
135 329
136 139
137 221
137 321
138 318
139 289
139 304
139 308
140 143
140 330
140 351
141 211
142 214
144 140
144 264
144 278
145 283
146 297
146 303
147 234
148 203
148 251
148 260
148 274
149 239
149 242
149 246
150 134
150 137
150 213
150 336
151 221
151 242
151 289
151 339
151 351
152 203
152 210
152 213
152 219
152 268
152 272
152 287
153 47
153 140
153 252
154 132
154 340
155 241
155 285
156 177
156 186
156 351
157 173
158 51
158 60
158 120
158 158
158 183
159 129
159 194
159 202
159 286
160 42
160 48
160 244
160 322
160 327
160 331
161 74
161 138
161 225
162 173
163 55
163 126
163 178
163 259
163 262
163 272
164 142
165 74
165 169
165 172
165 330
166 273
167 179
167 278
168 52
168 54
168 145
168 337
169 60
169 284
169 330
169 334
170 156
171 71
172 41
172 62
172 181
172 259
172 302
173 38
173 50
173 58
173 157
173 254
174 55
174 251
174 260
174 272
175 67
176 58
176 73
176 287
176 339
176 343
177 140
177 269
178 11
178 42
178 120
178 183
178 278
178 351
179 117
179 180
179 263
180 72
180 165
180 250
180 282
180 287
180 314
181 267
181 269
181 290
181 320
181 324
182 47
182 309
183 21
183 117
183 149
183 228
183 237
183 298
183 300
183 304
183 351
184 12
184 36
184 121
184 158
184 190
184 197
184 272
185 4
185 39
185 155
185 242
185 247
185 287
185 301
185 312
186 180
187 54
187 133
187 138
187 142
187 163
187 295
187 350
188 69
188 124
188 127
188 189
188 292
188 301
188 320
189 295
190 35
190 39
190 116
190 243
190 264
190 278
191 148
191 179
191 184
191 192
191 213
191 221
191 299
191 306
192 256
192 292
192 321
192 331
192 350
193 59
193 63
193 243
193 342
194 12
194 35
194 115
194 184
194 198
194 201
194 209
194 282
195 155
195 214
195 230
195 234
195 285
195 294
195 322
195 329
196 16
196 180
196 192
196 242
196 255
196 257
197 4
197 64
197 123
197 169
197 178
197 320
197 343
198 59
198 194
199 56
199 176
199 180
199 214
199 232
199 246
199 280
200 31
200 150
200 155
200 160
200 202
200 205
200 299
200 325
200 343
201 63
201 66
201 190
201 193
201 237
201 241
201 266
201 328
202 61
202 125
202 169
202 225
202 232
202 258
202 292
202 340
203 115
203 138
203 145
203 147
203 236
203 276
203 308
204 50
204 149
204 200
204 262
205 126
205 131
205 177
205 251
205 257
205 265
205 344
206 122
206 182
206 220
206 303
206 340
207 58
207 139
207 177
207 238
207 247
207 272
208 31
208 61
208 181
208 188
208 201
208 223
208 234
208 251
208 276
208 290
208 303
208 321
209 66
210 54
210 116
210 121
210 150
210 152
210 156
210 339
210 354
211 226
211 235
211 238
211 305
211 327
211 342
212 23
212 38
212 219
212 243
212 262
212 291
212 308
212 346
213 41
213 52
213 150
213 162
213 188
213 208
213 295
213 311
213 316
214 16
214 26
214 199
214 280
214 323
214 329
214 335
214 338
214 342
215 176
215 218
215 226
215 268
216 137
216 257
216 287
217 12
217 41
217 157
217 161
217 176
217 185
217 221
217 299
217 315
217 351
218 21
218 26
218 118
218 181
218 200
218 209
218 213
218 302
218 320
219 46
219 52
219 114
219 190
219 225
219 249
220 135
220 183
220 200
220 263
220 302
221 174
221 218
221 284
221 327
222 28
222 32
222 36
222 51
222 157
222 193
222 196
222 229
222 272
222 296
222 330
223 6
224 113
224 126
224 129
224 263
224 292
224 346
225 41
225 177
225 182
225 198
225 201
225 299
225 335
226 147
226 219
226 227
226 270
226 350
227 23
227 216
228 60
228 132
228 227
228 290
228 336
229 203
229 232
230 11
230 26
230 214
230 242
231 127
231 132
231 158
231 216
231 236
231 248
231 252
231 344
232 139
232 308
232 351
233 26
233 143
233 172
233 240
234 207
234 337
235 66
235 241
235 281
