516
8 125
15 236
17 48
26 97
34 87
35 8
40 85
51 350
56 344
57 342
58 335
59 328
61 332
64 317
64 346
65 259
67 226
67 229
67 350
68 331
71 246
73 46
73 350
78 351
82 205
85 350
87 328
89 332
94 200
94 278
95 307
97 279
97 286
98 200
98 246
100 298
100 351
101 163
101 204
101 264
102 262
103 167
103 196
103 225
105 260
106 297
106 331
109 229
110 153
110 210
110 215
110 219
111 161
111 229
111 309
111 346
112 303
113 157
113 208
114 206
115 233
115 301
116 195
117 192
117 293
118 234
119 137
119 281
119 294
120 232
120 234
121 283
123 180
123 197
123 232
123 326
124 82
124 161
125 128
125 132
125 138
127 200
127 226
128 185
128 301
128 347
130 144
131 265
131 275
131 303
132 197
132 199
132 351
133 191
133 312
134 270
137 222
137 323
138 319
139 305
139 338
140 351
141 141
141 144
141 331
143 253
144 265
144 279
144 284
146 299
146 304
147 156
147 235
148 204
148 244
148 253
148 275
149 231
149 240
149 261
150 135
150 214
150 247
151 138
151 222
151 291
152 211
152 214
152 285
153 205
153 254
154 48
154 133
154 211
156 242
156 245
156 288
157 178
157 196
157 338
157 351
158 52
158 60
158 63
158 124
158 159
158 188
159 194
159 196
160 43
160 48
160 245
160 334
160 337
161 78
161 139
162 174
163 164
163 179
163 276
164 78
164 143
165 170
165 173
165 299
165 332
166 276
166 279
167 78
167 138
167 181
168 287
168 339
169 60
169 146
169 333
169 336
170 138
170 158
171 67
171 73
171 291
172 39
172 43
172 47
172 51
172 64
172 183
173 56
173 59
174 73
174 76
174 158
174 253
174 261
175 68
175 274
176 289
177 44
177 122
177 141
177 316
177 341
177 350
178 12
178 189
178 280
179 185
179 260
179 263
179 265
180 272
180 284
180 289
180 316
181 253
181 269
181 292
181 306
181 327
182 194
182 213
182 298
182 312
183 23
183 274
183 303
183 351
184 4
184 14
184 19
184 38
184 159
184 199
184 230
184 244
184 289
185 41
185 156
185 249
185 303
185 315
186 165
186 182
186 252
187 56
187 135
187 139
187 144
187 297
188 123
188 126
188 129
188 190
189 71
189 185
189 304
189 324
189 326
190 36
190 41
190 120
190 223
190 245
190 266
190 281
191 181
191 185
191 190
191 194
191 308
192 215
192 258
192 324
192 332
193 61
193 121
193 245
194 14
194 37
194 200
194 236
194 284
195 186
195 216
195 232
195 288
195 297
195 324
195 351
196 6
196 182
196 191
196 208
196 211
196 245
196 258
196 327
197 65
197 153
197 178
197 180
198 32
198 121
198 196
198 282
199 178
199 182
199 216
199 234
199 249
199 302
200 152
200 157
200 207
200 211
200 294
201 28
201 32
201 65
201 69
201 124
201 161
201 239
201 244
201 268
201 328
201 331
201 345
201 350
202 167
202 172
202 227
202 235
202 260
202 294
203 146
203 238
203 311
204 52
204 151
204 265
204 267
205 45
205 133
205 179
205 202
205 253
205 259
205 314
205 346
206 121
206 141
206 184
206 306
206 343
207 147
207 179
207 203
207 227
207 250
208 34
208 60
208 187
208 190
208 217
208 241
208 279
208 292
208 323
209 39
209 63
209 68
209 179
210 123
210 152
210 158
210 237
210 287
210 342
211 25
211 228
211 231
211 241
211 263
211 330
211 346
212 221
213 40
213 43
213 54
213 167
213 191
213 195
213 202
213 211
213 254
213 289
213 294
213 298
213 311
213 314
214 28
214 121
214 152
214 216
214 270
214 283
214 342
214 345
215 18
215 179
215 221
215 351
216 140
216 259
216 290
217 14
217 28
217 43
217 159
217 163
217 179
217 187
217 302
217 315
218 183
218 203
218 212
218 216
218 252
218 300
218 305
218 321
218 351
219 54
219 119
219 194
219 227
219 289
220 186
220 268
220 305
220 327
221 184
221 199
221 277
221 288
221 303
221 331
221 336
222 30
222 35
222 38
222 118
222 132
222 160
222 177
222 195
222 221
222 231
222 270
222 333
223 7
223 43
223 53
223 217
223 351
224 118
224 128
224 132
224 298
225 180
226 204
226 222
226 339
227 152
227 219
227 274
228 68
228 117
228 134
228 294
228 339
230 29
230 166
230 206
230 235
230 246
230 255
231 13
231 135
231 141
231 161
231 179
231 216
231 239
231 251
231 344
232 72
232 119
232 126
232 130
232 311
232 347
233 29
233 156
233 166
233 351
234 66
234 119
234 174
234 210
235 71
235 244
235 286
