215
8 125 10 120 0.8570439219474792 0.20000000298023224
15 236 15 235 0.8818875551223755 1.0
35 8 35 5 0.9004995822906494 0.3333333432674408
51 350 51 349 0.9017719626426697 1.0
57 342 57 341 0.9252312183380127 1.0
61 332 61 331 0.8560726642608643 1.0
64 317 64 316 0.9426009654998779 1.0
64 346 64 345 0.9310672283172607 1.0
65 259 65 258 0.9355640411376953 1.0
67 229 67 228 0.8412245512008667 1.0
68 331 68 330 0.9219547510147095 1.0
71 246 71 245 0.8845620155334473 1.0
82 205 82 204 0.9250401258468628 1.0
97 279 97 278 0.899133026599884 1.0
97 286 97 285 0.9383676052093506 1.0
98 246 98 245 0.9232839941978455 1.0
100 298 100 297 0.9426031112670898 1.0
101 264 101 263 0.8724440336227417 1.0
102 262 102 261 0.9215577840805054 1.0
105 260 105 259 0.9230542778968811 1.0
106 297 106 296 0.8990821838378906 1.0
106 331 106 330 0.9021313786506653 1.0
109 229 109 228 0.9120820164680481 1.0
110 215 110 214 0.8572967648506165 1.0
110 219 110 218 0.8815276026725769 1.0
111 161 111 160 0.9356391429901123 1.0
111 309 111 308 0.951953649520874 1.0
112 303 112 302 0.918329656124115 1.0
113 157 113 156 0.9278963208198547 1.0
113 208 113 207 0.9223505854606628 1.0
115 301 115 300 0.8556568026542664 1.0
117 192 117 191 0.8568185567855835 1.0
118 234 118 233 0.9458125233650208 1.0
120 232 120 231 0.9458940029144287 1.0
120 234 120 233 0.9188277721405029 1.0
121 283 121 282 0.8423723578453064 1.0
123 232 123 231 0.9077053666114807 1.0
124 161 124 160 0.8925126194953918 1.0
125 132 125 131 0.9549216032028198 1.0
125 138 125 137 0.8929005861282349 1.0
127 226 127 225 0.8144783973693848 1.0
128 185 127 184 0.8216743469238281 1.0
128 301 128 299 0.8504337072372437 0.5
130 144 130 143 0.9014086723327637 1.0
131 265 131 264 0.8960211873054504 1.0
131 303 131 302 0.8958401679992676 1.0
133 191 133 190 0.8973202705383301 1.0
133 312 133 311 0.921809196472168 1.0
137 222 137 221 0.8488085269927979 1.0
138 319 138 318 0.8670809864997864 1.0
139 305 139 304 0.8085584044456482 1.0
144 265 144 264 0.8096171617507935 1.0
144 279 144 278 0.9030330181121826 1.0
146 299 146 297 0.8862807750701904 0.5
146 304 146 303 0.8848156332969666 1.0
147 235 147 234 0.8669368624687195 1.0
148 204 148 203 0.8915661573410034 1.0
149 240 149 239 0.8341418504714966 1.0
150 135 150 134 0.8316802978515625 1.0
150 214 150 213 0.9056204557418823 1.0
151 222 151 221 0.8369598388671875 1.0
152 211 152 210 0.8109753131866455 1.0
152 214 152 213 0.8543602228164673 1.0
153 254 153 252 0.8492708802223206 0.5
154 133 154 132 0.8704621195793152 1.0
158 52 158 51 0.9088433384895325 1.0
158 159 158 158 0.8986232876777649 1.0
159 196 159 194 0.8475382328033447 0.5
160 43 160 42 0.9390743970870972 1.0
160 245 160 244 0.9621275663375854 1.0
161 139 161 138 0.906651496887207 1.0
162 174 162 173 0.8547821044921875 1.0
163 179 163 178 0.8809489607810974 1.0
164 143 164 142 0.852677047252655 1.0
165 170 165 169 0.8717911243438721 1.0
165 173 165 172 0.9160766005516052 1.0
165 332 165 330 0.9549872875213623 0.5
166 276 166 273 0.8011571764945984 0.3333333432674408
167 181 167 179 0.8422847986221313 0.5
168 339 168 337 0.9272274374961853 0.5
169 336 169 334 0.8687058091163635 0.5
173 59 173 58 0.9331113696098328 1.0
174 253 174 251 0.9062626957893372 0.5
175 68 175 67 0.9032655954360962 1.0
176 289 176 287 0.966759443283081 0.5
177 141 177 140 0.9198435544967651 1.0
177 316 176 287 0.8132010102272034 0.03448275849223137
178 280 178 278 0.9265341758728027 0.5
179 265 179 263 0.9262949228286743 0.5
180 284 180 282 0.9461396932601929 0.5
180 289 180 287 0.9250155687332153 0.5
180 316 180 314 0.8588058352470398 0.5
181 269 181 267 0.8126704096794128 0.5
181 292 181 290 0.8886836171150208 0.5
183 23 183 21 0.875174880027771 0.5
184 14 184 12 0.881767213344574 0.5
184 199 184 197 0.8842182159423828 0.5
185 41 185 39 0.8536159992218018 0.5
185 156 185 155 0.8437438011169434 1.0
185 249 185 247 0.9097226858139038 0.5
186 182 186 180 0.8437743782997131 0.5
187 56 187 54 0.8126647472381592 0.5
187 139 187 138 0.8376772403717041 1.0
187 144 187 142 0.816694974899292 0.5
188 126 188 124 0.895726203918457 0.5
188 129 188 127 0.8619882464408875 0.5
190 36 190 35 0.8524484634399414 1.0
190 41 190 39 0.8184818029403687 0.5
190 245 190 243 0.8492197394371033 0.5
190 266 190 264 0.8590213656425476 0.5
190 281 190 278 0.8028677701950073 0.3333333432674408
191 194 191 192 0.8300471305847168 0.5
191 308 191 306 0.8742210865020752 0.5
192 258 192 256 0.8556066155433655 0.5
192 324 192 321 0.9289737939834595 0.3333333432674408
193 61 193 59 0.8702338337898254 0.5
193 245 193 243 0.8172398209571838 0.5
194 14 194 12 0.8614013195037842 0.5
194 37 194 35 0.8101877570152283 0.5
194 200 194 198 0.8332778215408325 0.5
194 284 194 282 0.8856021165847778 0.5
195 216 195 214 0.8154222965240479 0.5
195 288 195 285 0.8463720679283142 0.3333333432674408
195 324 195 322 0.8568322658538818 0.5
196 182 196 180 0.8305675983428955 0.5
196 258 196 255 0.8653141856193542 0.3333333432674408
197 65 197 64 0.8158654570579529 1.0
197 180 197 178 0.8869721293449402 0.5
198 196 198 194 0.8627158403396606 0.5
199 178 199 176 0.8853099942207336 0.5
199 182 199 180 0.8814733624458313 0.5
199 216 199 214 0.8648618459701538 0.5
199 234 199 232 0.8229461312294006 0.5
200 152 200 150 0.8951408267021179 0.5
200 157 200 155 0.8456823825836182 0.5
200 207 200 205 0.828872561454773 0.5
201 65 201 63 0.8688995242118835 0.5
201 239 201 237 0.8911911845207214 0.5
201 268 201 266 0.8539811968803406 0.5
201 331 201 328 0.9405877590179443 0.3333333432674408
202 172 202 169 0.8046634197235107 0.3333333432674408
202 227 202 225 0.8445571064949036 0.5
202 235 202 232 0.911625325679779 0.3333333432674408
202 260 202 258 0.8946021199226379 0.5
203 238 203 236 0.9053473472595215 0.5
203 311 203 308 0.8095560073852539 0.3333333432674408
204 52 204 50 0.854084849357605 0.5
204 151 204 149 0.9219440221786499 0.5
204 265 204 262 0.8935819864273071 0.3333333432674408
205 253 205 251 0.8450330495834351 0.5
205 259 205 257 0.884315013885498 0.5
205 346 205 344 0.88927161693573 0.5
206 184 206 182 0.8715093731880188 0.5
206 306 206 303 0.8535652160644531 0.3333333432674408
206 343 206 340 0.8857473134994507 0.3333333432674408
207 179 207 177 0.8360694050788879 0.5
207 250 207 247 0.8412438631057739 0.3333333432674408
208 190 208 188 0.8638657927513123 0.5
208 279 208 276 0.900279700756073 0.3333333432674408
209 68 209 66 0.8793264031410217 0.5
210 123 210 121 0.893073558807373 0.5
210 152 210 150 0.8510746955871582 0.5
210 158 210 156 0.8323647975921631 0.5
210 342 210 339 0.868252694606781 0.3333333432674408
211 228 211 226 0.8888052105903625 0.5
211 346 211 342 0.8006620407104492 0.25
213 43 213 41 0.9026642441749573 0.5
213 54 213 52 0.9608703255653381 0.5
213 191 213 188 0.8812084197998047 0.3333333432674408
213 211 213 208 0.833088755607605 0.3333333432674408
213 298 213 295 0.9351978302001953 0.3333333432674408
213 314 213 311 0.8107743859291077 0.3333333432674408
214 28 214 26 0.9032720327377319 0.5
214 283 214 280 0.938351035118103 0.3333333432674408
214 345 214 342 0.84897381067276 0.3333333432674408
215 179 215 176 0.8471468687057495 0.3333333432674408
215 221 215 218 0.8543077707290649 0.3333333432674408
216 140 216 137 0.8956599831581116 0.3333333432674408
216 259 216 257 0.8725911974906921 0.5
216 290 216 287 0.8510211706161499 0.3333333432674408
217 14 217 12 0.9233609437942505 0.5
217 43 217 41 0.8891979455947876 0.5
217 159 217 157 0.8062558174133301 0.5
217 163 217 161 0.8161444067955017 0.5
217 179 217 176 0.9033004641532898 0.3333333432674408
217 187 217 185 0.892113983631134 0.5
217 302 217 299 0.8621580600738525 0.3333333432674408
218 216 218 213 0.8311824798583984 0.3333333432674408
218 305 218 302 0.9356776475906372 0.3333333432674408
219 54 219 52 0.8276205658912659 0.5
220 186 220 183 0.8909332156181335 0.3333333432674408
220 305 220 302 0.9374540448188782 0.3333333432674408
221 331 221 327 0.8111557960510254 0.25
222 30 222 28 0.9048749804496765 0.5
222 35 222 32 0.8665664196014404 0.3333333432674408
222 38 222 36 0.9674170017242432 0.5
222 160 222 157 0.8314593434333801 0.3333333432674408
222 231 222 229 0.8462733030319214 0.5
222 333 222 330 0.8184285759925842 0.3333333432674408
224 128 224 126 0.9095867872238159 0.5
225 180 225 177 0.8076975345611572 0.3333333432674408
226 222 226 219 0.8909804224967957 0.3333333432674408
227 219 227 216 0.8643648624420166 0.3333333432674408
228 134 228 132 0.8734902143478394 0.5
228 294 228 290 0.8147115707397461 0.25
228 339 228 336 0.871439516544342 0.3333333432674408
231 135 231 132 0.8907903432846069 0.3333333432674408
231 161 231 158 0.8389310836791992 0.3333333432674408
231 239 231 236 0.9639310240745544 0.3333333432674408
231 251 231 248 0.8268673419952393 0.3333333432674408
232 311 232 308 0.9304313659667969 0.3333333432674408
233 29 233 26 0.8828243017196655 0.3333333432674408
234 210 234 207 0.8943111896514893 0.3333333432674408
235 71 235 66 0.9727177619934082 0.20000000298023224
235 244 235 241 0.8427793979644775 0.3333333432674408
