37
114 94 113 126 0.9528937935829163 -0.03125
139 348 138 367 0.9172053933143616 -0.05263157933950424
141 88 140 121 0.9870578646659851 -0.03030303120613098
143 85 142 117 0.9655392169952393 -0.03125
144 416 144 451 0.8968081474304199 -0.02857142873108387
148 80 147 113 0.9838626980781555 -0.03030303120613098
159 214 159 232 0.8794683218002319 -0.0555555559694767
163 81 162 113 0.892813503742218 -0.03125
171 417 172 451 0.9654452204704285 -0.029411764815449715
173 417 172 451 0.8210915923118591 -0.029411764815449715
175 194 175 218 0.9812528491020203 -0.0416666679084301
178 219 177 236 0.9935525059700012 -0.05882352963089943
180 424 180 458 0.9713994860649109 -0.029411764815449715
186 337 186 356 0.8881876468658447 -0.05263157933950424
198 419 199 453 0.9787478446960449 -0.029411764815449715
204 416 205 450 0.890519917011261 -0.029411764815449715
210 312 210 330 0.901828408241272 -0.0555555559694767
214 225 214 243 0.9664939641952515 -0.0555555559694767
232 225 232 243 0.9685408473014832 -0.0555555559694767
264 222 265 239 0.9357502460479736 -0.05882352963089943
287 316 287 334 0.937635600566864 -0.0555555559694767
291 315 292 332 0.8984657526016235 -0.05882352963089943
296 381 297 404 0.9723116159439087 -0.043478261679410934
297 313 298 332 0.8610593676567078 -0.05263157933950424
308 219 309 237 0.9597996473312378 -0.0555555559694767
312 217 313 234 0.9616888761520386 -0.05882352963089943
314 79 313 111 0.9091625213623047 -0.03125
320 407 321 441 0.9398090243339539 -0.029411764815449715
321 83 320 115 0.9337385892868042 -0.03125
321 311 322 329 0.9397788047790527 -0.0555555559694767
337 211 337 229 0.9369996190071106 -0.0555555559694767
341 211 341 229 0.9762020111083984 -0.0555555559694767
344 395 346 428 0.9553247094154358 -0.03030303120613098
347 393 349 427 0.9441595077514648 -0.029411764815449715
348 382 349 405 0.9352759122848511 -0.043478261679410934
354 211 355 228 0.9789554476737976 -0.05882352963089943
363 308 365 326 0.9473162293434143 -0.0555555559694767
